1.0,2.0 62.0,2.0
1.0,4.0 2.0,21.0
3.0,23.0 11.0,2.0
12.0,25.0 2.0,7.0
1.0,30.0 11.0,2.0
1.0,36.0 13.0,2.0
12.0,38.0 2.0,7.0
1.0,43.0 11.0,2.0
1.0,45.0 2.0,26.0
3.0,69.0 60.0,2.0
61.0,4.0 2.0,21.0
50.0,23.0 11.0,2.0
50.0,25.0 2.0,7.0
52.0,30.0 11.0,2.0
50.0,36.0 13.0,2.0
50.0,38.0 2.0,7.0
52.0,43.0 11.0,2.0
61.0,45.0 2.0,24.0
7.0,8.0 7.0,5.0
18.0,8.0 8.0,5.0
30.0,4.0 4.0,9.0
38.0,8.0 8.0,5.0
50.0,8.0 7.0,5.0
7.0,17.0 7.0,2.0
18.0,17.0 3.0,15.0
21.0,23.0 5.0,2.0
38.0,23.0 5.0,2.0
43.0,17.0 3.0,15.0
25.0,17.0 14.0,2.0
30.0,19.0 4.0,6.0
25.0,29.0 5.0,2.0
34.0,29.0 5.0,2.0
25.0,31.0 2.0,7.0
37.0,31.0 2.0,7.0
27.0,36.0 10.0,2.0
18.0,36.0 3.0,9.0
43.0,36.0 3.0,9.0
25.0,42.0 14.0,3.0
31.0,45.0 2.0,7.0
3.0,56.0 3.0,2.0
7.0,49.0 7.0,3.0
10.0,52.0 4.0,6.0
18.0,49.0 9.0,3.0
37.0,49.0 9.0,3.0
50.0,49.0 7.0,3.0
50.0,52.0 4.0,6.0
58.0,56.0 3.0,2.0
25.0,56.0 14.0,2.0
31.0,58.0 2.0,7.0
18.0,56.0 3.0,6.0
43.0,56.0 3.0,6.0
7.0,62.0 20.0,3.0
37.0,62.0 20.0,3.0
50.0,17.0 7.0,2.0
