mirror_true
center_line 32
1.0,2.0 31.0,2.0
31.0,4.0 1.0,8.0
7.0,8.0 6.0,4.0
18.0,8.0 8.0,4.0
1.0,4.0 2.0,20.0
1.0,23.0 12.0,2.0
11.0,25.0 2.0,5.0
1.0,30.0 12.0,2.0
1.0,36.0 12.0,2.0
11.0,38.0 2.0,7.0
1.0,43.0 10.0,2.0
1.0,45.0 2.0,25.0
3.0,57.0 3.0,1.0
7.0,50.0 6.0,2.0
11.0,52.0 2.0,6.0
18.0,37.0 2.0,8.0
18.0,17.0 2.0,15.0
7.0,17.0 6.0,2.0
20.0,24.0 6.0,1.0
25.0,17.0 7.0,2.0
31.0,19.0 1.0,6.0
25.0,30.0 5.0,1.0
25.0,31.0 1.0,7.0
25.0,37.0 7.0,1.0
25.0,43.0 7.0,2.0
31.0,45.0 1.0,7.0
18.0,50.0 8.0,2.0
7.0,63.0 19.0,2.0
18.0,57.0 2.0,6.0
1.0,69.0 31.0,2.0
25.0,57.0 7.0,1.0
31.0,58.0 1.0,7.0
