mirror_true
center_line 32
4.0,5.0 25.0,1.0
28.0,6.0 1.0,8.0
4.0,6.0 1.0,16.0
5.0,14.0 27.0,1.0
5.0,21.0 10.0,1.0
15.0,6.0 1.0,55.0
4.0,47.0 11.0,1.0
4.0,48.0 1.0,7.0
5.0,54.0 4.0,1.0
8.0,55.0 1.0,6.0
4.0,60.0 11.0,1.0
4.0,61.0 1.0,6.0
4.0,67.0 28.0,1.0
16.0,54.0 16.0,1.0
16.0,47.0 13.0,1.0
28.0,48.0 1.0,6.0
22.0,55.0 1.0,6.0
23.0,60.0 6.0,1.0
28.0,61.0 1.0,6.0
1.0,34.0 14.0,1.0
22.0,15.0 1.0,6.0
22.0,21.0 7.0,1.0
16.0,34.0 6.0,1.0
22.0,34.0 1.0,-7.0
22.0,34.0 1.0,13.0
23.0,27.0 9.0,1.0
28.0,22.0 1.0,5.0
23.0,40.0 9.0,1.0
